1646500000 1 28
1646500256 2 19
1646500512 3 32
1646500768 1 24
1646501024 2 14
1646501280 3 31
1646501536 1 26
1646501792 2 20
1646502048 3 29
1646502304 1 23
1646502560 2 16
1646502816 3 34
1646503072 1 27
1646503328 2 18
1646503584 3 30
1646503840 1 22
1646504096 2 15
1646504352 3 33
1646504608 1 25
1646504864 2 17
1646505120 3 28
1646505376 1 21
1646505632 2 13
1646505888 3 35
1646506144 1 29
1646506400 2 20
1646506656 3 32
1646506912 1 25
1646507168 2 16
1646507424 3 31
1646507680 1 27
1646507936 2 18
1646508192 3 30
1646508448 1 24
1646508704 2 15
1646508960 3 33
1646509216 1 22
1646509472 2 14
1646509728 3 29
1646509984 1 26
1646510240 2 17
1646510496 3 35
1646510752 1 23
1646511008 2 13
1646511264 3 34
1646511520 1 28
1646511776 2 19
1646512032 3 32
1646512288 1 25
1646512544 2 16
1646512800 3 31
1646513056 1 27
1646513312 2 18
1646513568 3 30
1646513824 1 24
1646514080 2 15
1646514336 3 33
1646514592 1 22
1646514848 2 14
1646515104 3 29
1646515360 1 26
1646515616 2 17
1646515872 3 35
1646516128 1 23
1646516384 2 13
1646516640 3 34
1646516896 1 28
1646517152 2 19
1646517408 3 32
1646517664 1 25
1646517920 2 16
1646518176 3 31
1646518432 1 27
1646518688 2 18
1646518944 3 30
1646519200 1 24
1646519456 2 15
1646519712 3 33
1646519968 1 22
1646520224 2 14
1646520480 3 29
1646520736 1 26
1646520992 2 17
1646521248 3 35
1646521504 1 23
1646521760 2 13
1646522016 3 34
1646522272 1 28
1646522528 2 19
1646522784 3 32
1646523040 1 25
1646523296 2 16
1646523552 3 31
1646523808 1 27
1646524064 2 18
1646524320 3 30
1646524576 1 24
1646524832 2 15
1646525088 3 33
1646525344 1 22
1646525600 2 14
1646525856 3 29
1646526112 1 26
1646526368 2 17
1646526624 3 35
1646526880 1 23
1646527136 2 13
1646527392 3 34
1646527648 1 28
1646527904 2 19
1646528160 3 32
1646528416 1 25
1646528672 2 16
1646528928 3 31
1646529184 1 27
1646529440 2 18
1646529696 3 30
1646529952 1 24
1646530208 2 15
1646530464 3 33
1646530720 1 22
1646530976 2 14
1646531232 3 29
1646531488 1 26
1646531744 2 17
1646532000 3 35
1646532256 1 23
1646532512 2 13
1646532768 3 34
1646533024 1 28
1646533280 2 19
1646533536 3 32
1646533792 1 25
1646534048 2 16
1646534304 3 31
1646534560 1 27
1646534816 2 18
1646535072 3 30
1646535328 1 24
1646535584 2 15
1646535840 3 33
1646536096 1 22
1646536352 2 14
1646536608 3 29
1646536864 1 26
1646537120 2 17
1646537376 3 35
1646537632 1 23
1646537888 2 13
1646538144 3 34
1646538400 1 28
1646538656 2 19
1646538912 3 32
1646539168 1 25
1646539424 2 16
1646539680 3 31
1646539936 1 27
1646540192 2 18
1646540448 3 30
1646540704 1 24
1646540960 2 15
1646541216 3 33
1646541472 1 22
1646541728 2 14
1646541984 3 29
1646542240 1 26
1646542496 2 17
1646542752 3 35
